9962, NA
715221, NA
181375, NA
179668, NA
311199, NA
585352, NA
254500, NA
969813, NA
650989, NA
544267, NA
317151, NA
681004, NA
926524, NA
32188, NA
476627, NA
142642, NA
857781, NA
475457, NA
537227, NA
239577, NA
370685, NA
748275, NA
35690, NA
187468, NA
841187, NA
462437, NA
238710, NA
428953, NA
879433, NA
607384, NA
797080, NA
472039, NA
377472, NA
877283, NA
224156, NA
77696, NA
58855, NA
142786, NA
938766, NA
792117, NA
703114, NA
261267, NA
54991, NA
505483, NA
226628, NA
436550, NA
40362, NA
828414, NA
303567, NA
957750, NA
556107, NA
771687, NA
589503, NA
121147, NA
771556, NA
139361, NA
871665, NA
83114, NA
722792, NA
674473, NA
769917, NA
364685, NA
778741, NA
134140, NA
567213, NA
187431, NA
226826, NA
204223, NA
642583, NA
302115, NA
782990, NA
920025, NA
312222, NA
866661, NA
488904, NA
675139, NA
689675, NA
263577, NA
204700, NA
502763, NA
157176, NA
853161, NA
407788, NA
599173, NA
267822, NA
204937, NA
502723, NA
612167, NA
399888, NA
615059, NA
252218, NA
776212, NA
919254, NA
89524, NA
681972, NA
688755, NA
475290, NA
961939, NA
939803, NA
662264, NA
